100.000000 3.000000 1.000000 0.000000 
1.000000 9.966483 10.043321 5.000000 
1.000000 6.581433 11.825235 5.000000 
1.000000 7.495129 4.701293 5.000000 
1.000000 10.942532 5.673643 5.000000 
1.000000 6.405800 10.056571 5.000000 
1.000000 5.173537 12.147296 5.000000 
1.000000 8.111012 6.819556 5.000000 
1.000000 8.196561 5.152394 5.000000 
1.000000 6.027403 10.764076 5.000000 
1.000000 10.739903 6.913822 5.000000 
1.000000 7.043968 9.675161 5.000000 
1.000000 6.361337 4.979719 5.000000 
1.000000 8.323146 12.267672 5.000000 
1.000000 11.039830 4.286047 5.000000 
1.000000 12.956035 11.195251 5.000000 
1.000000 10.612153 4.462392 5.000000 
1.000000 6.414652 8.120614 5.000000 
1.000000 10.777703 8.053163 5.000000 
1.000000 11.024392 8.163411 5.000000 
1.000000 6.846852 6.088905 5.000000 
1.000000 11.388416 8.785021 5.000000 
1.000000 9.516104 5.476921 5.000000 
1.000000 6.678132 7.426260 5.000000 
1.000000 5.425787 10.760117 5.000000 
1.000000 9.646606 8.844647 5.000000 
1.000000 6.184125 10.075160 5.000000 
1.000000 5.659546 8.445228 5.000000 
1.000000 5.844840 12.849336 5.000000 
1.000000 5.994020 4.326308 5.000000 
1.000000 5.249555 11.648244 5.000000 
1.000000 8.872089 6.812019 5.000000 
1.000000 5.896882 5.061047 5.000000 
1.000000 12.526787 11.748440 5.000000 
1.000000 6.376617 5.229578 5.000000 
1.000000 9.135716 11.540472 5.000000 
1.000000 9.571785 10.373666 5.000000 
1.000000 7.699953 10.951138 5.000000 
1.000000 6.340793 7.480413 5.000000 
1.000000 4.511177 11.272341 5.000000 
1.000000 10.058764 7.192898 5.000000 
1.000000 5.866512 10.978188 5.000000 
1.000000 12.434838 9.948125 5.000000 
1.000000 7.686278 6.377992 5.000000 
1.000000 4.551744 9.887014 5.000000 
1.000000 10.973861 12.380553 5.000000 
1.000000 4.968159 10.264029 5.000000 
1.000000 8.701025 5.042985 5.000000 
1.000000 9.279337 10.455325 5.000000 
1.000000 8.950475 5.234567 5.000000 
1.000000 8.760843 8.305082 5.000000 
1.000000 13.069172 14.709910 10.000000 
1.000000 13.198318 13.199305 10.000000 
1.000000 16.962590 15.590579 10.000000 
1.000000 15.183921 13.107618 10.000000 
1.000000 16.275708 15.396467 10.000000 
1.000000 15.435275 16.614048 10.000000 
1.000000 16.888167 15.891354 10.000000 
1.000000 13.920538 16.159655 10.000000 
1.000000 16.814794 14.929937 10.000000 
1.000000 16.522023 14.640750 10.000000 
1.000000 16.399095 15.592816 10.000000 
1.000000 13.752239 16.067074 10.000000 
1.000000 14.709982 13.930610 10.000000 
1.000000 13.365652 16.638336 10.000000 
1.000000 14.864119 16.244845 10.000000 
1.000000 16.195249 14.680119 10.000000 
1.000000 14.529102 13.467841 10.000000 
1.000000 13.113473 13.239841 10.000000 
1.000000 15.864786 15.168520 10.000000 
1.000000 16.228098 15.653197 10.000000 
1.000000 14.027919 14.266801 10.000000 
1.000000 13.431723 16.464822 10.000000 
1.000000 15.642533 13.693903 10.000000 
1.000000 13.871422 15.190893 10.000000 
1.000000 14.640940 16.662575 10.000000 
1.000000 14.767659 13.383514 10.000000 
1.000000 16.705873 14.472206 10.000000 
1.000000 14.563905 15.838172 10.000000 
1.000000 16.719214 13.047032 10.000000 
1.000000 14.060296 15.943964 10.000000 
1.000000 15.447512 15.024788 10.000000 
1.000000 15.714913 16.272377 10.000000 
1.000000 15.663852 16.442217 10.000000 
1.000000 15.978095 13.812435 10.000000 
1.000000 16.901424 14.738257 10.000000 
1.000000 15.926599 16.371301 10.000000 
1.000000 13.970497 13.821567 10.000000 
1.000000 14.430623 16.680186 10.000000 
1.000000 15.568752 13.351128 10.000000 
1.000000 15.855551 15.973307 10.000000 
1.000000 16.235362 15.416761 10.000000 
1.000000 14.198068 14.426888 10.000000 
1.000000 16.413847 16.968565 10.000000 
1.000000 16.668482 15.923932 10.000000 
1.000000 16.144191 14.312891 10.000000 
1.000000 14.967313 14.528416 10.000000 
1.000000 13.724249 14.695308 10.000000 
1.000000 14.424887 14.324145 10.000000 
1.000000 15.678105 13.927852 10.000000 
1.000000 16.518295 13.979221 10.000000 
